20240125113944665110773374
20240125114355877305310756
20240125182525453267283362
20240125182527685600153735
20240125182529143862228075
20240125182531613347262113
20240123153113254725265170
20240123153113282342725688
20240125182523870374571627
20240125182523053346132661
20240125182606382126633327
20240125182603681318110325
20240125182605776625622787
20240125182601851008177827
20240125182601026765238103
20240125182601261723022866
20240123153114182342726741
20240124105715330626415772
20240125184142275741840033
20240125184143058702428517
20240125184145350578743452
20240125184159158176625658
20240125184200305535136845
20240125184202063860128348